       6702
     -21570
      11494
      -2911
      -8296
      28548
        488
     -16592
     -34418
     -16728
      15939
      -6653
          0
          0
          0
          0
      -8701
       6630
       8086
     -26068
      -4148
      14274
        244
      -8296
      23223
     -21160
      -5602
      13307
      -7888
      27144
        464
     -15776
      19608
       3356
      -3313
     -16455
      -7684
      26442
        452
     -15368
        358
      -6620
      14094
      -2909
      -6868
      23634
        404
     -13736
      -6712
     -19788
      10942
      -1219
      -2652
       9126
        156
      -5304
      28974
     -22502
     -15242
      11633
      -6698
      23049
        394
     -13396
       6694
     -16575
     -17363
      26591
       -714
       2457
         42
      -1428
     -34139
       3971
     -13460
     -32716
      -1680
     -21168
      -5040
      -3192
     -11706
       4715
     -13583
     -51185
      -1990
     -25074
      -5970
      -3781
     -26539
     -25317
      23548
     -18066
      -2520
     -31752
      -7560
      -4788
     -23467
      13493
       4739
     -42111
       -810
     -10206
      -2430
      -1539
     -54744
       7141
     -16239
     -17346
       -750
      -9450
      -2250
      -1425
     -18455
      27504
       2608
     -22957
       -330
      -4158
       -990
       -627
     -20086
      21880
      -8674
      -9439
       -470
      -5922
      -1410
       -893
     -39401
     -23213
      -1212
     -25844
      -1500
     -18900
      -4500
      -2850
     -19124
      -8833
      -4232
     -57880
      -2370
     -29862
      -7110
      -4503
        973
      25371
     -24626
     -13202
      -3925
     -46720
      28126
     -43928
      17486
     -47965
      27770
     -12810
     -29289
      46214
      -2797
       5151
     -49241
      -4065
     -14120
     -45774
      57388
       9335
      12473
     -21897
     -11112
      -3309
     -64819
      50756
     -10243
      15978
     -37006
      10920
      18254
     -15697
      54685
        674
      33311
     -41105
      -6164
      -2690
     -53084
      22096
       2756
      -3392
       4228
        444
      -1968
      -2020
      23730
     -15960
      20370
      -6090
     -17640
     -15330
       6577
     -22019
      26945
      11480
      -3966
      -6989
       5625
      -6860
       8553
        859
      -4020
      -4113
      20682
     -20929
      26250
        -55
     -15006
     -14454
      -2628
       3204
       -792
       3960
      -3024
      -2628
      -1944
       3204
       2988
     -15330
      18690
      -4620
      23100
     -17640
     -15330
     -11340
      18690
      17430
     -13943
      16999
      -4202
      21010
     -16044
     -13943
     -10314
      16999
      15853
      -5329
       6497
      -1606
       8030
      -6132
      -5329
      -3942
       6497
       6059
      24922
     -61115
      50521
     -47371
      34357
     -62855
      42388
     -62855
      37122
     -20383
      -6881
     -42675
      53053
     -35413
      16303
     -23340
      24533
      -6399
      10752
      -5502
      13482
      21680
      21824
      14890
       8199
       3318
       1189
      16493
      11780
      19515
      12966
       6825
        -29
      26074
      17608
      32575
       6912
       -252
       4692
      13920
      11904
      13140
      10347
      -4074
      11497
      20857
      20212
      15655
       5988
      -3444
       7968
      12076
      12400
       7880
       4890
       3255
       -835
       9830
       6200
      13025
       6102
       2604
        722
      12274
       8680
      14670
      -9191
       5040
      18163
      13301
      12580
       -651
      -6048
       5899
     -28741
      22084
       6281
      26420
      20672
      19281
     -25634
      19006
      -9991
      24580
      13467
      32388
      28336
      12372
     -30259
      20210
      19679
     -25627
      -3554
     -21313
       2849
      20970
      20188
       5698
     -30412
      13599
        482
     -12720
      14474
     -18714
     -12030
      20042
      26782
     -24060
     -32602
      30590
      19173
     -24653
      -3842
     -20291
       3091
      19922
      18984
       6182
     -28800
      12461
      17569
     -24139
      -1656
     -20923
       1283
      20756
      20762
       2566
     -30470
      15293
      15487
     -20285
      -2656
     -16949
       2125
      16692
      16142
       4250
     -24242
      10995
       4632
     -16752
      12072
     -21144
     -10056
      22248
      28056
     -20112
     -35400
      30024
       9816
      40574
       6802
      14888
       6281
      10234
      32944
       8188
       -560
      15299
      -2108
       8951
      10342
       9241
      -8962
     -26366
       9850
      -1405
      27829
      -6312
       -547
      -3906
     -29344
       9588
     -28595
      38015
        266
      -6261
      -9361
     -40173
       3609
       6634
      42801
       9572
       6988
     -17892
     -52841
      19715
      -3000
      55816
     -12617
      -1144
      -8665
     -26489
       5095
      13748
      24907
      -2226
       4706
       2754
     -13845
      13341
       2430
      -2695
       2815
       -340
      -6084
       5684
     -10108
     -14634
      12602
     -11065
     -16620
      14360
     -13986
     -17760
      15096
     -27750
      -3150
      -4000
       3400
      -6250
      -5796
      -7360
       6256
     -11500
     -11844
     -15040
      12784
     -23500
       4798
        883
     -27745
      17197
     -11217
      24164
      -1292
      -6040
      -7276
      23376
     -20363
      15719
       2784
       3351
     -22022
       6236
      -7193
      32203
     -27887
       5503
       5096
     -10711
     -12005
      10779
      -9856
       9132
     -37243
      41210
     -38235
       8174
      20579
     -25505
      28042
      18052
     -25840
     -14754
      46289
     -46017
      21924
     -29388
     -16201
       9715
      27601
     -57557
      23499
     -13380
     -17573
     -31557
      31256
     -55407
      25034
     -34065
     -28387
      10218
      40435
     -46470
       9908
     -14029
     -39011
     -19584
      28772
     -82175
      13615
     -30214
      -5153
      28931
     -75587
      23380
       1302
      58685
      18069
      -7614
       7799
     -47931
      27248
     -22772
      54364
      16504
     -13322
      35156
     -55088
      14358
        270
      48500
      26750
       -140
      21046
     -51519
       1557
      13248
      29573
       6057
      -9390
      27753
     -37268
      10918
       -333
      31670
      18941
      -2561
      12257
     -54575
      18360
     -13656
      46985
       8963
      -3672
      21787
      12968
       7440
      -2295
      34987
       8158
      11239
     -14246
      43237
       2482
      11264
     -20390
      -4134
      52722
     -10355
      13672
      -4211
     -10260
       5033
     -20814
       5944
     -17035
       7009
      47522
      -9443
      -9827
      -6273
      -3382
      51615
     -17743
     -21814
     -27635
      31604
      45855
      11471
     -11773
      -6299
      10168
      72675
       9977
     -45771
       6718
     -20931
       9912
     -12039
     -20583
      15112
     -16912
      -4563
     -16549
      15349
     -10552
     -24639
      30335
      52253
     -28573
      10590
      -4626
      -1600
      -3446
      13711
      -7717
     -11202
       5856
      16754
     -13762
      14974
     -10080
      -4784
       -878
      18682
     -16242
     -18660
      21328
      30234
     -24650
      11024
     -11296
      -4006
      -6730
      12010
     -10608
     -17022
      22782
      33594
     -21050
       1614
     -10468
      -2173
     -12593
      -2001
        -16
      -9921
      20977
      29813
     -10277
       -830
      -7622
      -1052
     -11438
      -4591
       2817
      -5874
      14700
      21714
      -5122
     -15090
      -4876
     -16209
     -26186
     -22092
      -6018
     -10163
        330
       7791
       7852
      26231
      22575
     -20525
     -14223
      11960
      -8549
      -1625
      -3332
      41532
      12940
     -18019
     -35931
      34180
     -27603
       1280
       6244
      27458
      23826
     -19417
      -9847
       8678
      -2619
      -2832
      18744
      42341
      16083
     -34969
     -29441
      42688
     -34395
      -4983
      -7992
      13608
       4968
      11664
     -12636
       3348
       9504
      -8806
      14994
       5474
      12852
     -13923
       3689
      10472
      36592
       7214
     -12062
     -20184
      10521
      32994
      53052
     -13222
     -20284
      17427
      19070
      41627
      -8157
     -19628
      38163
      20286
      32359
     -18833
     -16116
      32684
      35465
      64068
       8625
     -60947
      37911
      11286
     -17280
      19197
      22815
     -31941
     -22842
      19548
       6186
      -9998
      12508
      12496
     -15822
     -11430
      11984
      20305
       5837
       2049
      18591
     -10133
     -11065
      10789
     -43621
      23229
      -9905
       8378
      13211
      -5331
       4703
      25374
     -38797
      27444
     -12500
      13980
      28464
       4817
      15030
      32177
     -64233
      25794
      -8616
       1079
       7295
     -22250
     -14080
      21923
     -26442
      12333
     -13623
       8078
      14945
       7137
      12261
      18936
     -27861
      35061
     -20473
        638
      21992
     -17918
     -20877
      29441
     -38396
      23076
      -5685
      10323
      28890
       1353
       8679
      23973
     -61383
      16539
     -10439
       2564
      13382
      -2166
      -4747
      15145
     -23064
      48953
     -23724
      12286
      34603
     -13110
      -2642
      49042
     -78538
      55791
     -22682
      10626
      14103
     -20017
     -12942
      50785
     -57163
      -1645
     -31859
       6642
      -7993
     -23089
     -15936
       7951
      17258
      24295
      13710
     -20388
     -39231
      -6267
     -46988
     -16422
     -20488
      -8244
      11427
       9389
       1108
      -8284
       1926
     -16945
      -9177
      23614
     -32185
     -21772
      -2919
     -23910
     -13156
     -16265
     -25084
     -18436
      11673
      10660
      31472
     -24495
      -8687
     -29166
      -4078
     -32435
      10180
      14834
       7060
      19801
      -7907
       6835
     -15616
     -14848
     -25480
     -11991
      16402
     -19131
      -8411
       -230
     -41594
      -9373
      18232
     -41727
       6363
      20341
       -761
       4839
      -9107
     -27036
     -26608
       5820
     -32421
       7727
       4972
      13229
      28282
       8542
     -30840
     -30619
        379
     -39802
     -15254
     -14711
      -6934
      23323
      -8972
     -36649
      -7490
      10755
     -35693
       5950
      16675
      15882
      21853
      18461
      -1737
       4944
      24570
      11264
       2804
      27052
      14069
      19964
      24473
     -21984
        976
      43757
      27126
       7827
      25688
      28769
      17597
      35720
      18558
       4710
      13228
      34286
       7510
      61676
     127984
     -73380
      15111
      21424
       3010
      54929
      73748
     -66175
      31816
      32291
      24192
      44069
      95313
     -96712
      15934
     -10507
     -76340
     -15954
      16916
     -46575
      -5658
        219
     -57762
      34291
       1892
     -83487
      22306
       5805
     -43337
     -19006
      -6145
     -46610
     -21523
      -1125
     -47059
      24833
        338
     -48395
      40233
       1825
     -60835
      12835
       5517
     -70218
       2412
      -1762
      10879
       4914
      -1438
        -82
      -5498
      12025
        -36
       -354
       1356
      -9786
      25731
       2970
      -1446
       4824
      -3524
      21758
       9828
      -2876
      -9944
     -50409
     -28988
        646
     -59029
     -37971
     -27496
     -47361
     -30943
       5250
       8190
       6510
      -7420
       1540
       6300
       5530
       3080
       -420
      15600
      24336
      19344
     -22048
       4576
      18720
      16432
       9152
      -1248
       8025
      12519
       9951
     -11342
       2354
       9630
       8453
       4708
       -642
      10575
      16497
      13113
     -14946
       3102
      12690
      11139
       6204
       -846
       1650
       2574
       2046
      -2332
        484
       1980
       1738
        968
       -132
      12522
     -29905
     -24070
      15991
     -19546
      27992
     -40833
     -11922
      46281
      22345
      -7296
      14339
     -25044
      -6759
      52655
      33302
      25099
      -3519
     -54263
     -14461
      40323
      43879
      15234
      35860
     -32095
      -4859
      51805
      22090
       -910
      33165
      -8593
      38267
      23663
      42102
      25310
       9105
       1617
      -6753
      49450
      17568
       8530
      15724
     -19965
      11391
      21664
      34014
      -8318
      19219
      -1843
       3268
      18130
      16665
       9529
      -3972
       2786
      15113
      39807
      19071
     -12551
       7335
      -3423
      -7335
     -15648
       6552
      -4312
       2520
      -1176
      -2520
      -5376
      15678
     -10318
       6030
      -2814
      -6030
     -12864
       8190
      -5390
       3150
      -1470
      -3150
      -6720
      20241
     -13321
       7785
      -3633
      -7785
     -16608
       2223
      -1463
        855
       -399
       -855
      -1824
      25740
     -16940
       9900
      -4620
      -9900
     -21120
      10530
      -6930
       4050
      -1890
      -4050
      -8640
      42380
       2284
       5698
     -16870
       2348
      30492
     -10406
      -8470
       -726
      -1452
      26862
     -23232
      -2904
      16698
      16940
      16128
      -5504
      -4480
       -384
       -768
      14208
     -12288
      -1536
       8832
       8960
        756
       -258
       -210
        -18
        -36
        666
       -576
        -72
        414
        420
      28854
      -9847
      -8015
       -687
      -1374
      25419
     -21984
      -2748
      15801
      16030
      17892
      -6106
      -4970
       -426
       -852
      15762
     -13632
      -1704
       9798
       9940
      30870
     -10535
      -8575
       -735
      -1470
      27195
     -23520
      -2940
      16905
      17150
       6804
      -2322
      -1890
       -162
       -324
       5994
      -5184
       -648
       3726
       3780
       3654
      -1247
      -1015
        -87
       -174
       3219
      -2784
       -348
       2001
       2030
      26964
      -9202
      -7490
       -642
      -1284
      23754
     -20544
      -2568
      14766
      14980
       1764
       -602
       -490
        -42
        -84
       1554
      -1344
       -168
        966
        980
      51333
      51243
      67054
      68563
      56894
      42790
      31538
      63216
     -34782
      28647
      42844
      19664
     -13113
      39887
      30657
      43416
     -13204
     -12144
      27035
      15981
      10697
       -238
      21547
       2152
      36144
     -17700
     -24503
      29037
      -3029
      15660
       4410
      24023
      -4118
      34153
     -25773
     -17243
      38960
      42047
      12130
      -6315
      42738
      22391
      61119
      -8011
      -9241
      15087
      26744
      -3948
     -17196
      42106
      22594
      26358
      -1849
      -1392
      32277
      19201
      13344
      16461
      35796
      12111
      56989
        210
      -2187
      19242
      19127
       5965
      -2713
       7122
      -1799
      24516
     -14590
     -12823
      26441
      21020
       3167
      -8945
      33643
      11173
      38075
     -10079
      11235
       9716
      12201
     -13370
      17311
      -3570
     -15722
      18697
      25389
      12873
     -10855
      24719
      -4956
      17970
      30564
       7120
     -31373
      -2012
      36191
      20907
       4411
      17581
       7548
      -3210
      25884
         80
     -24967
      13820
      34477
      18513
       2429
      14661
       5154
      -1030
      21158
        580
     -20547
       9954
      27851
      15063
      37296
     -19429
      14582
      -1411
       1054
        986
       1530
      -1343
         85
      -1088
       1666
       -901
       2040
     -14608
      10912
      10208
      15840
     -13904
        880
     -11264
      17248
      -9328
      21120
     -11537
       8618
       8062
      12510
     -10981
        695
      -8896
      13622
      -7367
      16680
      -2905
       2170
       2030
       3150
      -2765
        175
      -2240
       3430
      -1855
       4200
       -249
        186
        174
        270
       -237
         15
       -192
        294
       -159
        360
      -6474
       4836
       4524
       7020
      -6162
        390
      -4992
       7644
      -4134
       9360
     -10043
       7502
       7018
      10890
      -9559
        605
      -7744
      11858
      -6413
      14520
       -498
        372
        348
        540
       -474
         30
       -384
        588
       -318
        720
      -2632
     -13667
      -1662
     -16370
      16819
       4265
        590
       7394
       1329
      -4703
      -4557
       2044
       -300
        769
       -289
     -23750
       7394
       8154
       3440
       1594
      -3836
     -15588
       4198
       6994
       8340
      23310
      -3695
     -38260
      -5955
      17495
      -6388
       4987
       7486
     -25884
       4153
       6265
      -8374
      -8867
       5722
     -23673
      14869
       4342
       2298
       8466
      -1458
     -39747
       6558
      15033
       8234
      12485
      -6069
     -20123
      -3048
      10921
       2902
      -5446
      -6247
     -42843
      19307
      16112
      25068
       1077
     -10250
       6334
     -24076
     -14135
      24120
     -26482
     -14772
       2330
     -21970
     -12917
      21659
      -7550
      27050
       4771
     -25897
       2816
      29804
      16322
      15691
     -28506
      -9663
      -9909
      28261
       6691
       5521
     -14956
     -16767
     -12285
      29629
     -15059
      23822
     -19546
      -2204
      -1703
       4377
      -5820
      20972
      -8072
       2456
      -2220
      56629
      13348
      11233
     -29951
     -33508
     -24498
     -24368
     -33774
     -26131
      50989
     -17524
     -15894
     -28990
      -7098
      42138
     -23966
     -15094
     -30316
     -33233
      34817
     -13167
     -22412
     -27225
     -16673
      23044
     -13667
       4796
     -11485
       2626
      -6423
     -11942
      -1757
     -22766
     -31604
      42426
     -11409
     -17493
     -28340
      -5491
      22427
     -19280
      -1081
     -20448
      -3348
      31090
     -18010
      12676
     -10383
       -881
      17000
     -13458
      45746
      34889
      39217
      41027
      35981
      50951
      28327
     -25246
      91494
      17925
       8104
      27956
      12251
       7439
     100246
      40569
      23895
      51191
       1815
     -10286
     104921
      64354
       6919
      46636
      49472
      -4371
     103558
      20721
      15537
      29532
       2381
     -12275
      85604
      35853
      24222
      39885
      37909
      -7718
     131622
      41711
      14096
      23557
       1019
      49453
     -15696
      23391
     -23395
        224
     -25587
     -29244
     -22264
      -8651
      49569
      68689
       -515
      54053
     -46887
     -14506
     -27813
        469
     -13273
        588
      31606
      34629
     -17719
      12774
      -2303
     -29126
     -23400
       3851
        598
     -44509
      -2365
      58406
     -32584
      37721
      -8541
      13713
     -64068
     -47778
     -47416
        911
      -8635
       9894
      17875
       7419
      -4458
     -19342
      34238
      20326
      10610
       1132
      -5420
      -4729
       3231
     -19473
       2019
      23400
      12019
     -12322
      -8148
       6138
      11385
       5527
      -4543
     -11311
      17482
       7239
       4534
     -18031
       7724
      18055
      13317
     -22842
     -18186
      40680
      12800
      -2402
     -14294
       1120
       5846
       8394
     -19092
      -3780
      10152
      -7832
     -10564
      -3455
       1714
       5669
       5017
     -11932
      -7648
      27034
      14944
      -1554
     -18216
       7995
      14808
       8639
      -7292
     -11186
       4229
     -10515
       1010
      -1701
      -6496
      -5235
       5027
     -25742
       2954
      25020
       9220
     -17102
     -12525
       -926
       3528
       8660
     -23951
      -2559
      16870
      -3223
     -13908
      -2555
       1553
       5192
       4507
     -10933
      -7307
      26439
      15396
      -1082
      -8132
      48523
        105
      -9798
      16495
      -1863
       2457
      64742
     -14140
      -9434
      44346
        538
      13998
       1118
      20174
      10274
      12461
     -25069
      12790
      -8969
     -23562
      11995
      -9657
      29130
       -865
      56792
     -56690
     -23534
     -32434
     -15192
      20199
       1767
      41374
     -12789
      40192
     -59184
     -12606
     -37209
      11494
      23783
      20561
      27857
     -21644
      20004
     -34951
      -1474
     -28540
       8628
      42242
      -3423
      38693
       3146
       4074
     -17453
      12186
      -9536
      -4180
      33233
     -17560
      37221
       8663
     -11019
     -14043
      -4377
      15009
      20526
      15441
      -5091
       8102
     -10162
       1109
       -523
       7570
      -3612
       4071
      15280
     -27630
      10348
      -1039
      21161
      -8094
      17582
        234
     -28598
       9678
       9026
      28508
       5026
      13626
       9297
     -17145
      -5432
       4048
      15644
       -249
      -1046
     -12616
     -30775
     -21261
       1830
      23024
      -1322
       -912
       2927
     -16213
     -10428
      -7971
       6193
     -11821
       4292
     -11221
      -5447
     -11988
      13747
      12669
      15399
     -13638
      75484
      10556
     -64418
      30691
     -19541
       9699
     -13865
       1048
      -9122
      58284
      22032
     -51479
      26585
      -1457
       4257
     -21026
      -5152
     -10720
      65063
      10250
     -68364
      30303
     -18870
        997
     -42421
      -1576
      -3294
      64508
      -1990
     -56618
      18766
     -41409
      -3024
     -46918
      -3324
       6993
      44914
      25698
     -30061
     -11166
       4727
      15411
         62
      28360
     -31725
      40639
       9047
     -71841
      10625
     -14712
     -15353
     -39553
       6700
      -7714
      21646
      36377
     -14846
     -39934
      -1949
     -17376
      21164
      49554
     -18281
     -52797
      14066
     -12369
      18287
      36935
      14180
     -33770
      28056
     -47200
        601
      49941
      -8434
     -34689
      14948
     -29901
      -7981
      13245
     -36937
     -38761
      -7497
     -17918
      19358
       6756
     -32766
     -25317
      20022
     -13439
       8369
      19394
     -40831
     -20391
      18293
      10356
      10402
      21940
     -28046
     -25303
      10613
     -22218
      32233
      59530
     -33159
     -50712
       5711
     -33915
      19667
       8760
     -38391
      -7740
      30941
     -24379
      -7850
     -18530
     -17731
      -7075
     -13560
     -11732
      -2025
      -1492
       -126
     -22075
     -24310
     -12257
     -19225
     -22186
     -12047
       3925
     -13392
     -21784
     -15100
     -15440
      -6776
     -12825
     -12166
      -4473
      -9800
     -16586
     -13279
     -22650
     -19900
      -5754
      26741
     -89291
     -10917
      -5328
       1202
      32447
     -56914
      52530
     -15201
      22345
      28387
     -79393
      25679
       5919
       -877
      26208
     -70737
      10643
      -1201
       5801
      41450
     -77113
      43063
       3476
      37719
      59447
    -105549
      30039
      -6494
      17759
      41146
     -86285
      46464
     -10001
      13732
      40599
     -97743
      23497
     -13133
      27313
      43689
     -88940
      28335
     -17243
      22730
      -7981
     -67020
      41574
     -66099
      61516
     -48641
     -29332
      40709
     -49485
      49689
     -59554
       2430
      57844
     -54882
      62250
     -37358
      -5731
      44335
     -45451
      45955
       1279
     -83448
      14317
     -46463
      39582
     -39707
      58783
     -26430
      61038
     -36389
      29971
     -69348
      43437
     -67300
      45033
     -43038
      67562
     -42467
      31696
     -49123
      65411
     -39277
      61305
     -37750
      14728
     -58856
      38199
     -57051
      45167
     -51327
      77643
     -71399
      43730
     -40828
      57718
     -19118
      39885
      15910
      -6290
       2775
     -15355
       2775
       7030
     -20905
       5550
      -7585
       7955
       6020
      -2380
       1050
      -5810
       1050
       2660
      -7910
       2100
      -2870
       3010
      18404
      -7276
       3210
     -17762
       3210
       8132
     -24182
       6420
      -8774
       9202
       9804
      -3876
       1710
      -9462
       1710
       4332
     -12882
       3420
      -4674
       4902
        172
        -68
         30
       -166
         30
         76
       -226
         60
        -82
         86
      16856
      -6664
       2940
     -16268
       2940
       7448
     -22148
       5880
      -8036
       8428
      -1520
       6460
      -5624
      -3040
      -9424
      -3260
      13855
     -12062
      -6520
     -20212
      -2980
      12665
     -11026
      -5960
     -18476
      -3060
      13005
     -11322
      -6120
     -18972
      -2900
      12325
     -10730
      -5800
     -17980
     -36129
      18964
       -273
      -7135
       1914
      40823
      51207
     -30126
      33046
      -8147
     -17466
     -12315
      13091
      50076
     -47594
      35029
      11453
       1559
      11389
      33821
      23947
     -27532
       3317
      10910
       9391
      -4782
      12337
      42014
     -34261
      40660
      29402
       2099
      -6132
      50100
      17664
     -43271
      43357
      24485
      10049
     -12145
      33531
       7864
     -44040
      19037
      -2581
       2621
       1414
      39691
      53069
     -33672
      49283
      27422
       8618
     -18975
      38568
      20206
     -31772
      40957
      22493
        260
     -35974
      17055
      36000
     -20760
       3287
      16608
       2768
     -21452
       2076
       3806
       1384
      17646
     -13080
       2071
      10464
       1744
     -13516
       1308
       2398
        872
      11118
     -10560
       1672
       8448
       1408
     -10912
       1056
       1936
        704
       8976
     -10800
       1710
       8640
       1440
     -11160
       1080
       1980
        720
       9180
     -22080
       3496
      17664
       2944
     -22816
       2208
       4048
       1472
      18768
     -14040
       2223
      11232
       1872
     -14508
       1404
       2574
        936
      11934
     -25680
       4066
      20544
       3424
     -26536
       2568
       4708
       1712
      21828
     -13440
       2128
      10752
       1792
     -13888
       1344
       2464
        896
      11424
     -17547
     -22133
     -37579
     -30504
     -34752
      48987
     -61524
      -1168
      31706
     -47882
       5158
       4278
     -43729
      35829
      20512
      19250
     -39779
      -4673
      21081
      35148
     -25440
     -65384
      40939
      25236
       -467
     -21308
      -7022
       1111
     -36313
     -40923
      10125
      30117
     -15315
     -27658
      10943
      15057
     -39183
      22028
       3098
     -39666
     -23245
       6659
       8767
     -26099
     -19183
      17908
     -43067
      43452
     -44800
       2853
     -57017
      -2331
     -42116
      18101
     -14634
      22520
     -10923
       8840
       9062
     -23246
       4688
      11379
       8906
     -60694
      24923
     -33882
      31033
      37573
     -51269
     -18572
      33212
     -17896
     -15131
      47089
     -11764
      16554
      47709
     -29436
      -8316
       1830
      23695
     -30598
      46899
     -14101
      15534
      48162
     -31652
      -4529
      17046
       7976
      10850
      26434
       1101
      -1343
      14185
      -8333
      22895
        318
      28578
     -59743
       7045
     -18907
      29422
      30742
     -60416
     -35982
      30831
     -28564
     -13843
       3824
      -2759
       5866
      14104
     -27856
      18291
      21438
       2034
       -229
     -31368
     -12469
     -12019
     -48826
       9796
      20951
      38084
      19592
       5953
      13107
      13487
      11906
       1049
      22168
      28087
       2098
      12936
      18862
      16008
      25872
      17946
      33255
      44652
      35892
      11366
      25360
      44440
      22732
       7350
      10650
      14148
      14700
      14158
      22056
      33731
      28316
     -15741
      -5298
      -4899
      10699
       3573
       2797
      16831
       7146
     -13017
     -12558
      31710
       7601
     -27593
     -19437
     -22739
      20038
      23814
      -5637
     -26872
      14449
       2287
     -42954
     -24261
     -15994
       3905
       4211
       2981
     -25662
      16106
       5596
     -38372
       5850
       2182
      15144
      -6844
      -2766
     -25241
      13509
      -4052
     -35857
     -21619
     -21775
      12944
       9511
       6266
     -37510
      30004
       2838
     -47878
      19107
       -293
      41263
      -2780
       6874
     -18041
      13326
      23897
     -58423
       3208
      10447
      -7569
     -16492
      14556
      -2921
      23956
      19406
     -48494
       9705
     -12712
      21475
      10108
     -13527
     -11865
      36732
      18328
     -30006
      -3533
      -4394
      17675
      13038
      -1689
      -1947
      31322
      39386
     -49034
      12188
      15633
      -2138
      -5712
     -19688
     -16914
      -5416
       -929
      -8070
      30111
      26287
     -14860
     -22460
     -12153
        698
       -380
       3006
      25779
      20341
     -18052
     -15904
      -5064
       3904
         68
       8184
      14004
       9620
     -13328
      -5712
      -5448
      -2092
       -321
      -3266
       9385
       8357
      -4228
     -25964
     -18753
      -3722
       -887
      -4568
      35446
      29868
     -20144
     -32620
     -13533
       4978
       -160
      11406
      32499
      23981
     -26852
     -25112
     -12234
       2084
       -296
       5676
      27198
      20914
     -20392
     -32764
      45648
     -13113
      54754
     -15464
      29295
      18167
      25435
     -38632
      29412
      15448
      36331
     -40349
      49772
     -10199
      29052
     -15808
      69686
     -30144
      45822
     -18376
      63165
     -14719
      66430
     -28649
      25014
      -6161
      55092
       2076
      31880
      -7347
      28469
      -9286
      47003
     -26251
      39414
       8538
      13713
      75287
      53967
      58564
     -22426
      54034
      -6341
      37017
       8229
      33893
      -8475
     -24147
      -7099
      10141
     -14271
      -4211
       9393
        235
     -19174
       8811
      16353
      -2391
       7059
      17188
      -1472
      -6885
      -5341
      -3912
     -12521
      23043
      29213
     -11001
     -35378
     -25081
      12406
     -24941
       3140
      31079
     -11081
     -11851
      -7021
       5626
     -16067
     -12264
       8411
      -8205
       5815
      10907
      11646
       3643
     -13423
       -789
     -13791
      -4068
       4398
      26030
       6119
       3604
      23746
     -10414
     -29309
      -7278
      20824
     -12077
       8638
     -32913
      14128
      25448
        420
      -5117
     -26149
      -2210
     -37850
      -6738
      34211
      -8848
       8277
     -17568
      -1446
      -7394
      10766
       9333
        488
        467
      -1748
       4448
     -28913
      14936
      24987
       -232
      -2244
     -19351
       -244
      -7741
      18327
       9997
       2482
      -1767
      -2925
       3290
     -40770
       3426
      34533
      -5184
       2311
     -24764
       6196
     -17476
      21047
      14534
       3706
      -6343
     -15062
      15227
      11368
       4132
      21092
      33726
       3352
      43865
      -4806
       1446
      27400
      15686
      13537
      43483
     -13422
      12096
      18903
      36202
     -29741
      22483
     -33680
     -23079
     -27745
      -1899
      -8497
      15837
     -22089
      13544
     -24571
     -18042
     -25358
      25342
      13984
      46492
     -58182
      21244
     -58947
     -60375
       1623
      34149
      17407
       7991
      26110
      17617
      13851
      31113
       5329
      10439
     -44431
       6366
     -23818
       1449
       3158
     -31886
      31924
      60099
      38144
       2135
     -23323
     -46133
        527
       5234
     -50566
       4901
      23006
      19619
     -16271
     -23578
     -29797
      24136
      46198
     -33096
      25267
      45629
      30317
      -4156
     -31261
      -7459
      -7555
      22668
     -24078
      -6950
     -23798
      10736
      -7048
      15274
     -31964
      -6132
     -34196
       2733
      -9876
      23246
     -35701
      -6644
     -26258
      -3322
     -12028
      12098
     -23192
       5779
     -24731
     -15062
     -16193
      12148
     -14772
       1108
     -23269
      -9642
     -18585
       6244
     -17579
       9252
     -38421
      -5849
     -18761
      26578
     -36932
     -11254
     -28243
       1872
     -12729
      11458
     -28805
      -2581
     -30485
      -4469
     -15107
      15618
     -27591
      -3978
     -47585
     -20017
      -2696
       3194
     -34423
      -9529
       6600
     -13748
     -45221
      -3321
      12193
      -9236
     -55490
     -20322
      -8976
      10741
     -70126
      13089
     -29852
      19310
     -77508
     -12675
     -25762
     -11961
     -17905
       8873
      35834
       8251
     -63554
      22288
     -22160
      -1860
     -53597
      -5585
     -13345
     -11656
     -55666
     -11325
      -2606
      -1814
      -3777
       9071
     -16060
      -1570
     -10979
      11141
     -22156
       -103
      -1187
       2571
      -6056
        197
     -17244
       9472
     -24470
       1311
     -15319
       6558
     -21251
       -564
     -24866
      13299
     -31285
       1879
      -9467
       7031
     -24488
       6422
     -40435
       4502
     -34901
      -2205
     -16576
       8477
     -13195
      32093
      21305
      29694
      43364
     -11345
     -37849
      -9119
      16661
      16224
       1856
     -16030
      -8572
      -8055
      33255
      17622
     -25070
      -7693
     -11054
      13714
      13621
     -24881
       5050
     -14297
      20361
     -21469
      -3459
     -23659
       -537
      28160
      16125
     -18994
     -10969
     -13399
      10568
      -2273
     -29230
     -13439
      10930
     -30936
     -13014
       4000
     -42853
     -26176
      -1119
     -43246
     -21521
        646
     -67242
     -17932
      -4486
     -85218
      -4760
      -9775
     -56048
     -20329
      22120
     -63017
     -22989
      -1899
     -65191
      -8042
     -16555
     -81021
     -33448
       3123
     -68260
        598
      22488
       2574
     -12852
      -5712
       5964
       8880
      23376
       6844
       4405
      -8306
      -8072
      -4652
       5546
      22380
       2889
       5012
      -6917
     -10094
      -8673
       4822
      24143
      15336
      59424
      36606
      30942
      27105
      24558
      53556
      25026
      -2438
     -15963
     -22614
      -4568
     -17265
     -16855
     -16185
      -7229
     -32213
     -14592
     -14009
       1903
      -9014
     -18572
      -6433
     -26824
      -6594
     -12523
       8162
      -3031
     -12943
      -4652
     -23109
     -17646
      -8942
      -7131
     -12247
     -16581
      -6916
     -27120
      -1128
     -13516
      14808
       1396
     -10572
      -6433
     -27801
      -9984
     -12493
       4731
      -5678
     -14844
      -4735
     -17221
       3900
      -9295
      14867
       4604
      -4618
      -5928
     -26735
     -13074
     -11478
        439
      -8257
     -15851
      -5492
     -22222
      -3276
     -10712
       9350
       -750
      -9730
      -2360
     -14210
     -17580
      -4460
     -12350
     -12950
     -13250
      27543
      -3225
     -41693
     -38581
      47517
      13947
      10448
         99
      -7018
     -13510
       4102
      -5309
      24168
     -27866
     -29706
     -29836
      35698
      20389
      17706
     -19456
     -17382
     -21106
      20119
      13066
      27892
     -50321
     -16562
     -29431
      10927
      18285
     -49510
      -4955
     -33502
      24373
      -2859
      10008
     -45519
     -61926
       7404
     -19686
      14692
     -20177
     -21284
     -57181
     -49646
       6360
     -29626
      23292
      32404
      -2197
     -48213
     -48660
      16244
     -18309
      18397
     -18008
      -4886
     -32716
     -40686
      -7566
     -20548
       8973
     -17434
       2538
     -50043
     -22552
     -22540
     -48193
      20233
      -4165
      -5050
     -37627
     -32437
       3809
     -13948
       2483
     -19095
     -15771
     -47835
     -50480
      -7257
     -36910
      13940
      23127
       9353
     -45171
     -51497
      11141
     -21955
      12525
     -13775
     -14361
     -23988
       -509
        155
     -40717
      35556
      53953
       2444
      12919
      17386
     -41229
      46885
      64968
     -10709
       3569
      21841
     -43445
      42839
      27986
     -25949
      10112
      10086
     -72805
      27072
      58292
      -2139
      11247
      50123
      -8080
      18675
      24621
     -23796
      19484
      45547
     -37894
      22009
      50001
     -21876
      28211
      39643
     -37359
      52669
      23788
     -57451
      15080
      46131
     -44959
      22268
      24607
     -31512
     -36160
     -48761
     -18720
      22964
      -5116
      -8914
     -57213
     -42331
      35445
     -21483
     -24466
     -42485
     -28647
      11179
     -16961
     -18055
     -53694
     -11850
      22877
      -9113
     -20864
     -54320
     -11889
      59969
     -47509
      -7127
     -43682
      -1091
      49595
     -38158
     -17127
     -63668
     -36199
      46568
     -59663
      10614
       3406
      45933
      33925
     -19631
     -17473
      10452
       9883
      -3920
      -3652
       9776
     -10892
      24468
      48482
      14667
      17653
      14354
       2894
      20685
      16813
       9137
        717
       3759
      -5815
      21674
       6825
      25524
      21272
        559
     -29070
     -24350
      16761
     -30759
      -5148
     -43836
      24052
      16363
      23826
     -39515
      14290
      23335
     -16059
      22430
     -72556
      14529
       6475
     -24801
       6336
      20910
      48013
     -13739
     -20585
     -42980
      38246
      19371
     -21304
     -14895
     -18679
      36466
     -20111
     -16554
     -41635
      41428
      32724
       8658
     -28538
       7125
      31813
      -9600
      11143
     -57661
        178
     -18658
     -15473
       -268
     -12667
     -61840
      27486
      27375
      28093
      37924
      -2119
     -17124
      47751
      10735
     -12427
      57333
      -8576
     -49420
      42745
      20900
       6646
      35551
      -6128
     -30092
      13503
      26349
      25139
      29325
     -32604
       5024
     -28202
      62466
      37380
      10404
     -24876
     -17694
      -6656
      42097
      28272
      41266
     -30170
       1935
     -39597
      56426
      41097
      -1384
      13109
      -8119
      30298
     -24764
       3893
      68231
     -52070
      -4321
      47871
     -36408
      12325
     -55592
      31505
      24048
     -53271
      -6578
      13544
     -58715
      44890
     -13316
     -54988
     -32054
      18787
      22809
     -43423
     -38653
     -17054
     -28306
      -1718
      -1458
     -33350
     -34999
      14758
      41093
     -51082
     -31004
      -2489
     -74091
      52658
     -51089
     -51309
     -47138
      23154
      14889
     -43728
     -11501
       3695
     -45098
      27301
     -20206
     -38153
      -1270
       6826
      21886
     -16764
     -55930
     -19964
     -19298
       7686
     -10132
     -31504
       5651
       1486
      -2784
     -34044
     -27745
      18711
     -26491
      22742
     -26395
     -43491
     -22522
      19697
      15120
     -19571
     -36647
      10576
     -60010
      62448
     -10546
     -66557
     -34658
      10340
      30316
     -33506
     -22399
     -29647
     -23825
      -2570
     -20862
     -29162
     -17156
       4688
      -1646
       -744
     -24262
      16076
     -11200
       -388
     -17134
     -18634
      -6956
     -14067
     -34440
       9464
      -3342
      -1488
     -39479
      13896
       8226
       5011
     -36335
     -13172
       4808
      -7951
     -20524
     -21482
      10296
      -8493
     -26616
       4914
     -12993
      -3290
       6138
     -33653
     -11344
      16002
     -30385
     -11380
      14490
     -11073
     -11784
       5562
     -23052
     -20976
      11448
     -22882
       1304
      10548
     -12716
     -10188
       6264
     -17765
         14
       8226
     -51202
     -11651
     -49347
      -9870
      -5781
       -846
      16497
      -1890
      -1107
       -162
       3159
     -12040
      -7052
      -1032
      20124
      10676
       2135
      17371
      28714
      -8291
      -8763
      25946
     -50144
     -26418
       9365
     -21549
      12561
      42782
     -13799
     -28249
      35066
     -29810
     -32946
      13973
     -45317
      -7529
      28310
      -7587
     -16625
      27318
     -37668
     -54483
      12052
      -1822
      12954
      38574
     -19927
     -21004
      34486
     -41952
      -9347
      62888
       3562
      14876
      33692
     -16656
      25146
      60000
     -93738
     -86970
      34814
      -2826
      27997
      33878
     -11178
      -1126
      52805
     -39761
     -61762
      33098
      12316
      20480
       9898
     -14907
       7578
      38094
     -34008
     -55535
      39637
     -19015
      -1370
      25411
     -12635
      11911
      36759
     -81096
     -67707
       3528
       7875
       2709
       7056
      14679
       6174
      11844
      13230
      14931
      11781
        -57
     -17267
     -20035
      19090
       2172
     -18874
     -15924
     -27898
     -21073
     -29597
     -20674
     -10045
      13379
      -4822
     -12829
     -19614
       -827
     -44345
      -5720
     -36994
     -17565
     -39445
      -1719
      -5132
       8202
      -9164
     -10904
       4640
      11484
     -14616
      -8932
       4640
        580
      -4640
     -20066
     -23876
      10160
      25146
     -32004
     -19558
      10160
       1270
     -10160
      -2133
      -2538
       1080
       2673
      -3402
      -2079
       1080
        135
      -1080
     -18407
     -21902
       9320
      23067
     -29358
     -17941
       9320
       1165
      -9320
      -4266
      -5076
       2160
       5346
      -6804
      -4158
       2160
        270
      -2160
     -10112
     -12032
       5120
      12672
     -16128
      -9856
       5120
        640
      -5120
     -12561
     -14946
       6360
      15741
     -20034
     -12243
       6360
        795
      -6360
      -8611
     -10246
       4360
      10791
     -13734
      -8393
       4360
        545
      -4360
     -12798
     -15228
       6480
      16038
     -20412
     -12474
       6480
        810
      -6480
     -15247
     -18142
       7720
      19107
     -24318
     -14861
       7720
        965
      -7720
      22743
       9852
       7132
      17969
      17128
      -3212
      32625
       8277
       8382
        853
      38601
      15809
      -1606
       4498
      -4176
      -7465
     -33187
      -8836
      -1897
     -31401
       1411
     -41710
      17630
       6466
      24253
      25993
       5318
      14748
      -7310
     -38092
      -9225
     -11201
      31230
      -2121
       5436
      13322
     -18453
      -4650
     -14235
     -27549
     -17732
       5732
     -18058
       3458
      -8869
     -11735
     -38617
      15938
       1829
     -44241
     -12523
     -24395
       7103
       1910
       8129
      13905
      -6529
     -34129
     -18961
     -13452
       2681
     -33132
       6171
      13240
      12311
      21782
     -13013
       9308
     -11211
     -48829
     -15076
     -15352
      19123
       1161
       5019
      -2421
     -25926
      -4756
      -1466
     -17798
      -4287
      -7692
      -4128
        800
       9502
      10236
     -17019
      -9147
      -8043
     -27138
      -3154
     -21057
      12133
       3721
      14171
       6854
     -14495
     -32519
     -18203
     -15696
        -32
     -33907
      -1134
      14420
       9443
      19392
     -52136
     -12315
     -13589
       -957
     -28397
      20780
     -30311
        170
     -14530
       8000
     -23750
     -20656
     -38912
       8544
      10264
     -27896
     -10344
     -19070
     -34432
       9804
      11603
     -25639
      -6669
      -9486
     -23200
      -2920
      -2884
     -13222
     -15040
     -14027
     -24784
       7908
       9308
     -18817
      -3858
      -1423
      -4784
      -2112
      -2291
      -2084
      -4773
      -2888
      -3648
       3496
       3990
      -3762
       2014
      -6893
     -24368
     -11764
     -12800
     -10187
     -25426
     -22649
     -25766
     -28388
     -13184
     -40137
     -11715
     -37920
     -16068
      20125
      22232
      -5617
      35346
      -6124
      48171
       4355
      19717
     -18472
       8719
       8044
      -6580
      -3263
     -28653
     -12976
      16251
       1805
      15055
     -22332
       3665
      10704
       3545
      17617
     -18378
       7109
       8226
        485
      13741
     -26674
       1057
      13258
     -10285
     -10820
     -32591
     -20325
      19277
      -2585
      -1723
     -10316
      -5101
       5912
      -4195
       5665
     -34782
      -8215
      18654
      -1070
       2702
     -11552
      -2086
       6104
      29876
      -3792
      -4228
     -47267
     -28818
     -64914
     -22622
      70635
      -1988
      34509
     -30852
       -949
     -63569
      -5231
     -44660
       6132
      34658
      -3523
      22533
     -24938
      23528
     -59225
       -722
     -34202
      12596
      27548
      15068
      21465
      -4905
      16306
     -41313
     -13083
     -33837
       2824
      33003
      -2647
      45705
     -13073
      -9457
     -41841
      11559
     -22839
      -1777
       8414
       5980
       5168
     -15457
      25797
     -29373
     -11770
     -21677
      -3121
      43554
      23660
      15084
       2534
     -43979
        121
     -42120
      22099
       9612
      17908
     -15485
      28988
      -3061
      19316
     -35894
      21331
     -10864
      44861
      11082
       4918
     -45213
     -12419
     -56431
      16822
      -4504
      25023
       1641
      11557
      -9328
       8214
     -18609
       4926
       4871
      36008
      38278
      -7788
     -46393
      12330
     -59009
      19697
     -27995
      19424
     -17867
      21389
      -3375
      -7583
     -68707
      20879
      -8076
      58664
       9030
       2249
     -22136
     -23240
     -10824
      10526
      22437
       3399
      21877
     -21084
     -32858
     -19416
     -34394
      17460
     -10778
      10002
      16346
     -12847
     -22512
      29877
     -58988
      36403
     -33675
      15159
      50216
      14376
        258
      -4336
      25561
      33817
      -5458
      38649
      61890
      47436
       6883
      47406
      15915
      -9529
      11580
      32621
       9359
      52954
      91355
       9601
       7123
      43976
      19650
      -3354
      42643
      12265
       7090
      39599
      30274
      34649
      35714
       3601
       6186
      -7803
      23560
      36073
      -4532
      21663
      66341
      28332
      18691
      54856
      -8709
      19169
      -4699
       4612
      24457
      70559
      45307
      30233
      -2518
      52465
       7517
     -19266
      46528
      16309
     -22102
      58603
      37573
      30569
     -20379
      78187
      20362
       3561
      49732
       8931
       8371
      79036
      49288
      30094
      18127
      53090
        561
       -428
      12980
      23108
      22658
      54035
      69750
      28032
      19302
       1943
        -10
      19454
      -6053
       5972
      -6667
      34464
      21822
      20993
      -1960
      32896
       8868
         78
      -3101
      15903
       6185
      40640
      56331
        927
      -5726
     -40006
      21433
       6159
     -51438
     -25897
     -18055
      47497
      -2671
      37079
     -39562
      24074
      24593
     -34816
     -22466
     -32219
      -9056
     -38611
      21123
     -56816
      53381
     -20110
     -69912
     -16706
     -19880
       3924
     -53990
     -29149
     -58617
      29107
     -23842
     -84228
     -26836
     -17495
      66245
     -13172
       2006
      23276
     -57608
      -2426
      45990
     -47752
      -8472
      44654
      12897
       1768
      45005
     -42793
      -4509
      29198
      -9112
      23616
     -10244
       -436
      -4788
       2056
       5956
       -537
        545
      -1603
        594
      13662
      -3307
        586
      -3276
       1286
      17536
      -6920
       -104
      -3688
       1552
        238
       3782
       1239
       -799
        164
      15078
       7650
       4263
      -5799
       1836
      11694
        186
       1467
      -3387
       1212
     -44503
     -44971
      -5434
      47845
      33243
      -7451
       3076
       2696
       5355
      16749
     -10631
     -54990
      16152
      42644
      -5508
       1093
      -9741
     -10388
      25899
       5213
     -15275
     -45474
      31271
      66892
      12703
      18949
      21623
     -25295
      35308
       5231
     -27948
      33347
      23393
      14523
       7125
    -106570
      21856
     -26135
     -11405
      20471
      28009
      -8898
     -15087
     -75078
      19850
     -37502
     -13074
      23245
      52686
      17576
      -9346
     -95601
       1337
     -10541
     -21990
      40630
      18607
      31323
     -21416
     -99538
     -10143
       6194
     -22656
       1888
     -23128
      15104
      27612
     -14496
       1208
     -14798
       9664
      17667
     -22080
       1840
     -22540
      14720
      26910
       7036
     -16593
     -10343
      18855
     -17297
     -66407
      10326
      -8039
      -8932
       1939
        971
     -26004
       8528
      18264
      30682
      13844
     -18894
     -17516
       5584
          0
     -36058
     -10912
      18794
      49908
      32080
     -22296
     -43328
       9044
     -14479
     -12108
     -13195
      11356
      36335
      37295
        260
     -17489
        635
     -10571
     -45736
      10316
      37390
      64442
      15606
     -36576
     -53930
      19634
      -5292
      -6752
       1278
      23308
      42298
      33206
       -876
     -13462
      12169
      13766
     -32707
       9835
      25483
      43890
      27979
     -23043
     -20610
      15478
       6114
     -33130
      -4694
      29138
      60457
      32556
     -23639
     -48543
      10485
       3847
     -42971
      10015
      33168
      59951
      35600
     -28903
     -31308
      -6899
      -9275
     -29499
      15245
      17978
      26412
       7998
     -20944
     -10469
      -4561
     -10621
     -43442
       8581
      26031
      48437
      19390
     -30233
     -33600
     -15059
       8752
      -2051
       2104
        519
     -24163
      21106
      10997
      -3003
      11878
     -22190
       8694
       2457
      -5797
      22364
     -10099
      24126
      11196
     -21032
       5435
      -9812
      33699
      14169
      -6593
        551
      -7821
       9331
       5184
      10533
      -8312
      -7091
       -832
       1686
       3727
     -10000
     -18400
      29121
      10860
      20876
     -23453
     -11048
       7092
       7397
       9684
     -21386
     -29160
      28521
      19375
      36863
     -29833
     -26204
      -5489
       2992
      15136
     -31427
      29181
      16269
      11210
     -55453
      20088
      13003
      -4667
     -48336
      43750
       3254
      -5611
     -54154
      21364
       -208
       5231
     -54596
      39838
      -6013
       2190
     -61876
     -26740
      12000
     -24706
      10952
     -10913
       4780
     -21860
       9720
       4855
      -2676
      -4834
       1536
     -18471
       8140
     -19360
      17160
      24640
      17600
      19580
      -9680
       7700
     -16940
      19800
      -2640
       2340
       3360
       2400
       2670
      -1320
       1050
      -2310
       2700
      -7568
       6708
       9632
       6880
       7654
      -3784
       3010
      -6622
       7740
     -16192
      14352
      20608
      14720
      16376
      -8096
       6440
     -14168
      16560
      -4840
       4290
       6160
       4400
       4895
      -2420
       1925
      -4235
       4950
       -792
        702
       1008
        720
        801
       -396
        315
       -693
        810
     -17633
     -14057
     -21147
     -10286
        527
     -12598
     -11944
       6059
       5893
       7227
       7029
      14381
      13987
     -12168
      -2565
      -4648
       7512
     -33774
      -2754
       2762
      17879
     -24345
      -4206
      -6774
      15246
      13067
     -45253
     -25924
      13473
     -31476
     -35364
     -30242
     -56229
     -32954
      17307
     -14608
     -12959
       9107
      30750
     -12166
     -13207
     -26865
     -65502
     -34241
      10507
      -6606
        228
     -12908
      49216
     -13130
     -35661
     -35052
     -68521
     -40331
      26152
       4347
     -20278
      12388
      53448
       4370
     -23495
     -19250
       4533
     -35882
      -4932
     -13455
     -11778
     -24004
      11358
     -33865
      12228
      -3871
      10263
     -15579
     -18531
       5424
      -1603
       5403
      -1647
      -4599
      16515
      -5250
      13698
     -22050
     -25722
      -6264
       1218
     -10962
     -27318
     -14790
       5799
      -1778
       5298
      -4722
      -6954
      15243
      -4921
      12081
     -23829
     -26133
        909
       -693
      -2259
     -19857
     -14241
      11661
      -3577
      10641
      -9573
     -14037
       3471
      -1582
       -690
     -26718
     -20598
      11562
      -3619
      10011
     -12831
     -16215
     -33206
       8238
     -12304
      -3734
     -31388
     -13072
     -31344
      -6507
     -19659
       2820
     -26754
       1311
      -3530
       5208
     -17398
     -12074
     -19394
     -12076
     -30541
       7765
      -6436
      -1005
     -24994
     -10516
      -6832
      19584
       4996
     -10056
     -12146
     -20686
      -3288
       3509
     -11029
      -7528
     -12933
      -7870
     -37381
      -4141
      -8328
       8639
     -21917
       2725
      -5388
       4137
      -4155
      -3816
      -8718
      -6117
     -17938
      -6825
     -32897
      -7482
     -30995
      -3316
     -13141
      21617
     -47137
       7945
      15175
     -12099
      16930
       4319
     -18318
      -4774
       3844
       3348
       6324
       -186
       6634
     -14476
      11656
      10152
      19176
       -564
      20116
      -5775
       4650
       4050
       7650
       -225
       8025
      -9625
       7750
       6750
      12750
       -375
      13375
     -11165
       8990
       7830
      14790
       -435
      15515
      -3773
       3038
       2646
       4998
       -147
       5243
      -8778
       7068
       6156
      11628
       -342
      12198
      -2618
       2108
       1836
       3468
       -102
       3638
     -10010
       8060
       7020
      13260
       -390
      13910
      -3157
       2542
       2214
       4182
       -123
       4387
     -11857
     -26095
     -10967
      18924
      -7054
     -19553
      -2691
      11514
      13024
       8897
      18191
     -71056
     -20460
     -28104
      27457
     -34478
       1058
     -35452
      19668
     -45970
        440
     -23959
       8962
     -63858
     -36782
     -30717
      14559
     -58780
     -22032
     -26296
      20742
     -62492
     -21570
     -25456
       8821
     -70420
     -37511
     -31841
      38137
     -11163
       7316
      15658
       4180
       7273
       -380
      -3308
      -3298
      28284
      24968
      13100
      -3388
     -30142
     -17326
       1852
      39296
      18940
      -2308
      22733
     -12890
     -24083
     -22310
      14706
      31473
       8393
      14453
       -944
      -6639
     -10708
      34893
      23340
      18293
       9316
     -19826
     -22653
     -41803
     -21024
       9562
      34115
       1166
     -13007
      -2114
       9018
      15737
       7442
     -13508
      -5986
       4192
      11958
       1668
     -36577
     -17215
       9978
      31216
       2908
      67788
      84887
      49040
      72499
      41729
      -2604
      60023
      85784
      40942
      77963
      71904
      70925
      49080
      74507
      30202
      37788
       4428
      12240
       8937
     -27240
      11118
     -11403
       3177
     -24288
      18084
        -33
      17383
      13223
      14221
     -28978
       5972
     -17600
       8538
     -20447
       9491
      -3181
      14832
      15576
      14706
     -34336
       9740
     -18366
       7770
     -26680
      15680
      -2338
      -2874
       5610
       2319
     -12660
       7446
      -3171
       -531
     -13386
      12198
       1209
       2898
      15870
      10557
     -35420
      15778
     -13593
       2967
     -32798
      25714
        667
      37392
     -57082
      38029
      17090
     -45763
      46644
      33611
     -42165
      17556
      26953
     -50291
      26155
      26974
     -29136
      64572
      -1552
      81076
     -24782
       9851
       8166
      -4923
      -9996
     -28625
      62268
       9875
      37378
      40128
      -8843
     -13853
      26127
      65932
      -2689
      -7550
      37406
      -7779
     -36770
      -3867
      66657
      -3727
      18689
      33640
     -12485
     -20519
      -6261
      73971
      15376
      25619
      41155
     -23537
     -26190
      -4115
      74556
     -27333
      13353
      31850
      -3361
     -24176
       5745
      38511
     -28702
        362
      14417
      -9551
      -1578
      26303
      57913
      -4760
      -2184
      10239
     -18313
     -18207
      -3373
      42133
     -21835
      17735
      32520
     -14702
     -14912
      -1097
       8568
     -13698
     -12929
      -6640
      12117
      -2765
       8109
      45767
       3213
       7507
      24046
      19254
      15128
     -17570
     -17064
      15614
      15301
     -40721
      -2983
      15291
      -5554
      -5817
      -2994
       6007
       7839
      50761
      -4521
      14008
       3321
      13613
      28264
     -20008
      -4821
      11647
      55458
       7588
      19066
       9535
      23882
      38360
      -9025
     -10256
      10100
      50054
      28920
      16739
      30613
      43351
      33553
     -19717
       7193
      14735
      48043
     -36185
      18630
     -16627
       7315
      37709
     -32679
      16543
       -233
      25863
     -26329
      13845
       -195
      21645
     -22035
      15620
       -220
      24420
     -24860
      14981
       -211
      23421
     -23843
      17892
       -252
      27972
     -28476
       5467
        -77
       8547
      -8701
       3408
        -48
       5328
      -5424
      14380
      55639
      26774
      27485
     -29517
       7854
      -9978
      49353
      30400
      37851
     -18714
      -3406
      -1656
      30714
      11210
      19023
      -7376
     -12976
     -12328
      50900
      46529
      38587
      -7872
        264
      -7376
      43046
       1804
      29141
     -15853
     -17692
       4134
      40142
       2987
      24155
     -29557
      -4114
       1878
      26103
      24138
      16150
     -24659
       3186
      -2816
      21305
     -10188
      16363
     -22946
      -9212
       9085
      39852
      45295
      20242
         95
       3931
       9083
      37453
      -3398
      17892
     -29279
      -1015
     -24299
       9198
     -14798
      17017
      11208
      26979
       6401
      -4308
      34610
      34809
        352
      57550
       4107
     -15768
      33232
      38275
      -2500
      63738
     -16260
      18116
       6978
      32920
      15914
      40929
       -220
      -5267
       9473
      11820
      -2747
      48029
      40474
        617
      12382
     -24932
       1144
      46708
     -22294
      -4088
     -26604
      13695
      46849
     -10726
      14849
     -15885
      23771
      33508
     -14206
       4720
     -14183
       -929
      55086
     -35877
      27802
       4986
      30935
      29254
     -23449
        898
     -14133
      19725
      45575
     -32327
       9059
      -2895
      15825
      41657
     -43943
      13573
       3247
      27839
      55075
      -8398
      38115
     -18286
      22179
      30614
      23633
      18441
      10926
      21710
       3776
      20567
      22172
       6196
     -28462
      11189
     -12512
      15040
      11360
      -6240
     -10880
       8160
      17390
      13135
      -7215
     -12580
       9435
      18612
      14058
      -7722
     -13464
      10098
       6110
       4615
      -2535
      -4420
       3315
       4324
       3266
      -1794
      -3128
       2346
       2914
       2201
      -1209
      -2108
       1581
      18993
       2180
     -40243
     -23645
       1054
     -80858
     -66170
      29776
      39761
      -6501
     -12134
     -22168
      -2599
     -50324
     -21112
      16116
      37463
      16025
       1753
     -35513
      -3578
     -63339
     -34231
      17367
      24335
       5819
     -22695
     -10334
     -10428
     -50776
     -58844
      33458
      31460
       2069
     -10965
     -14170
      -9587
     -66521
     -23185
      14560
      24109
       6308
        472
       6983
     -31956
      -4493
      -8962
      -4034
      44177
     -22161
     -19701
     -22683
      22390
     -62314
     -37651
      23169
       8898
      27022
     -13184
       5720
      38316
     -17256
      -9162
     -21322
     -18211
     -18424
      -7019
     -16684
     -18262
     -19493
      -9066
      10688
      24127
      21703
      -1813
      31345
     -21690
     -12031
      13135
        329
      17945
       9626
      15521
     -20661
      -3302
      -5566
      36452
       7896
     -10620
      27520
      -3204
      14203
      12208
       9970
     -20382
      15789
     -13725
      26698
      30406
       7471
      16166
     -23435
     -22171
      13429
      55843
      16076
       3199
      -6605
     -33902
      22840
       1119
      37507
     -35675
     -45000
      -2499
     -27584
     -14392
       -463
      19117
      16877
      23860
      28983
     -33207
     -25329
     -27904
      -9991
      48108
     -26415
      32250
      45121
     -25798
     -17897
      -3971
     -16947
       5546
      27110
      22059
     -26537
     -55353
      -4880
      26767
     -29049
      24864
     -51748
      -6934
     -19912
      55444
     -31509
      51827
       6948
     -33596
      15798
      15082
      12846
     -37460
      22860
       9960
      25553
       3398
      31944
     -19968
       7308
      34475
      39481
      64619
      17891
     -27441
      64037
      10850
      52104
      -2511
     -22626
     -31988
       7908
      72034
     -32222
     -15658
     -43195
      -6629
      42957
      10702
      29437
     -18145
      24179
     -23875
      19866
      42261
     -26983
      56992
       -910
      34953
       9382
       8644
     -17510
      20748
     -53988
      38161
      31884
      22730
      -6349
      25297
     -12945
      -5156
     -23053
      47722
     -18416
       7151
     -26522
     -12806
     -39288
     -48544
     -13818
       4510
      -1737
      57467
       9918
     -26592
      -6056
      12301
     -36275
      -3430
      31550
      28396
      22455
      31953
     -15879
      -9982
      30225
      -7539
     -19436
      26261
     -11322
      33546
      13108
     -55111
      -1054
      19797
     -15884
      31331
     -14330
     -12540
     -12870
     -30856
     -33302
       5244
     -20677
     -22613
      13538
      -6608
     -13407
       3704
       5386
      -5065
      21564
       9498
        214
     -12043
      25134
      24431
      13060
       5335
      11503
     -10744
     -13485
      18455
      -4617
       7793
     -13375
      -9660
       9467
      57306
       7240
     -17356
      13855
      64211
       7657
      -7375
      53511
      -3381
       4896
     -15885
     -41546
      23174
      15447
      20102
     -38641
      19422
      44754
      45587
     -23706
     -18481
      32584
      -2090
      33884
      -3957
     -22834
       6597
     -29039
      -5231
     -17617
     -62063
     -44707
      23351
       -105
      -8555
     -13806
     -22543
      10470
      -9437
        964
     -51429
     -45108
     -54956
     -19868
     -21287
      64851
      -2472
      -1101
     -53086
      -7123
     -56608
       8885
      -7112
     -43067
      14977
     -16526
      20743
      57267
     -23129
      -5336
     -12541
      41227
     -10760
      14637
     -13552
     -47355
      40388
      -8024
     -46081
     -28971
       5404
      -5077
     -41048
       7119
        -43
      37073
       -176
     -12002
       4206
      19169
     -38046
      16133
      23999
      16206
      53768
      20835
      29866
       1088
     -56709
      26246
      20893
      15372
     -48671
      -6496
      26419
      24655
      -8633
      31305
     -33725
     -18502
      39123
     -12723
     -18228
      27240
        438
       9827
       2126
      36303
      30987
     -54396
      37476
      30642
     -18944
      27682
     -38878
     -71105
      -4625
      18101
      16171
       2406
     -25318
     -46133
      -7579
       5966
      22240
     -23207
      51625
      33841
     -32524
     -34278
      12985
      -2660
      33624
      15031
      -4117
     -28091
     -12610
      -8203
     -10114
      -2065
       7387
      31143
      27193
      -2966
      -5171
     -22326
       7755
      39992
      16305
      39726
     -21916
       6253
     -44965
       9395
     -13614
     -14354
        -74
       2360
     -35563
      -1417
       -112
     -14442
     -31532
      24611
      41632
      11224
      -5363
      30969
       8522
     -27165
       3805
      17539
     -39722
      59940
     -37395
     -38533
      39272
      -5161
       4655
        208
      -1357
      -6007
     -11259
     -22675
     -41065
      10309
     -25104
        348
      -2610
     -37405
     -30387
      -3857
      -8920
      24268
      26859
       2637
     -31270
     -39889
     -26602
      -8320
     -16905
      -8520
      -9535
      10205
       9715
      -5735
     -16422
       1857
      33493
      11228
     -42926
      65657
     -68524
      -3295
       2321
       2202
     -36742
      -2737
      12161
      48209
       -336
     -44715
      -5220
       8965
       5358
     -19036
     -27943
      -6856
      42645
      11755
      33370
     -42275
       2382
     -17273
       8737
       5538
     -36972
     -22360
      -3969
      23090
      -8975
      60624
      37733
     -55272
      10140
       6950
      22711
      13050
      23856
       3269
      23608
     -21539
     -19303
      67201
      56818
     -13938
     -10879
      15415
     -12724
     -22894
      38231
      26134
     -11353
      -8973
      35364
     -41605
      23042
     -13639
     -49472
       3123
      -6737
     -26665
       4121
       9196
     -12954
      -8418
        -67
      25673
      20792
      30925
      10486
       3374
      44127
     -22657
       3149
     -37435
     -22869
     -10994
     -34355
     -10225
     -26837
      -7123
       9540
     -25696
      35449
      48627
     -46792
     -18124
     -15916
      13310
      21364
      34467
     -22741
       8191
      26373
     -24186
      29230
     -22348
      11393
     -45046
      -3460
      -3532
       5014
      26882
     -37866
      -5436
     -10539
      49767
     -43127
      17966
      33802
     -21906
     -24173
      53273
      -4916
      -6483
      58135
     -24747
     -42650
     -14612
      -6731
      15744
       -511
      -9723
     -21467
     -21148
        791
      11912
     -24782
       3331
      -5113
      40950
      61334
      50962
     -25321
     -39613
      10305
      -8500
     -35051
     -20292
       1556
      -7704
      22392
      23319
      10108
      -7413
      42525
      27572
      14485
     -38357
     -19254
     -53159
       6742
     -36714
     -20965
      33966
     -14525
      25671
        414
      35574
     -13664
     -27492
      19665
      13680
      21811
      -1079
      -4638
       1559
     -34292
       8991
      53010
      12801
      -2579
      79469
      18468
      24207
       3658
      25716
      -7260
       1493
      32763
        145
     -51396
       5221
      -3367
      59779
     -32979
      24702
      34140
     -14021
      -9085
       2415
     -65291
      14781
      40519
      27708
       6450
     -23127
       8083
      10533
      20611
     -19211
     -18779
     -27233
     -11121
     -24137
      20995
     -16615
     -13955
      25173
      58804
     -15027
     -22609
      84463
     -21284
       2335
       -353
     -19093
      -5401
      15487
     -22343
       8617
     -44485
     -10817
      18330
       3304
     -88830
     -56182
       5491
      -9954
      12635
      -6027
      -5155
       4486
     -27105
     -35245
     -22831
     -53190
      45940
       -585
      25856
      35877
      22108
      27459
     -30560
     -16704
      36016
      -3581
     -16528
      82957
      -3207
      13923
     -12444
     -15967
     -48187
       9374
     -11669
     -12380
      -6450
     -34136
     -16485
     -52303
      12288
     -69672
       1803
      64846
     -24664
      30867
      10159
     -17575
     -15276
     -63792
      55308
      -7096
      42524
     -10927
       4611
      31765
      10673
      27062
      -9584
      28107
      -7323
      -9161
     -12406
       5797
      39401
       9843
      12655
       8706
      10765
       1085
      -3751
     -68736
       6464
     -32342
    -117954
      22590
     -33128
      12647
      20370
      -9759
      44023
     -25285
     -37707
       1346
      50664
     -10789
     -27450
      -4872
     -53200
     -33107
       9812
       8190
     -20015
     -20916
     -35311
      -2991
       1860
      21558
     -13263
       9164
     -18685
       6623
      33521
       4806
     -22045
      12876
      23655
      21445
      -7743
     -35170
      38968
     -12695
     -24396
     -12761
       6722
      47320
      -1337
     -21207
       5894
      31950
     -32868
      -2050
     -40060
     -16500
      17142
       -401
     -33447
       -643
      45084
     -56935
      -7595
      40318
      26513
      10335
     -24005
      -6440
      -6373
      10189
      -5619
       7900
     -10276
       5441
     -33392
     -14109
      -9169
      38244
     -10875
      37439
     -21813
      -7979
      26624
     -24725
      18858
       8186
     -43420
     -54494
     -47534
     -65744
     -15066
     -33031
       3639
     -19756
       1692
     -18455
      26959
     -24920
      52110
      -5475
      -9914
      34600
     -20405
     -10368
     -10101
     -23477
     -17048
      -8046
        138
     -21122
     -26922
     -20108
      18647
      42914
       -159
      12912
      53406
     -14160
       7829
      14537
       1250
     -33522
      -9516
       3921
      34747
      -3340
      84805
     -21783
      12231
     -13580
     -19507
     -38404
     -25311
      28890
       9463
        665
      34338
     -28957
     -18092
      -3143
     -49569
     -29731
      24366
       4931
       7773
      -4109
      55115
     -37434
     -13361
      15705
       7486
       1676
      28609
      32740
      -5449
       3013
      12633
      28809
      31885
      29168
      14392
     -18985
      18059
      20940
      12029
      -7313
       4406
     -36727
     -29936
     -15262
      -5427
      -5108
     -65928
     -20456
      -8315
     -37536
     -11268
       7093
      31697
     -51456
     -19860
     -17282
     -12924
     -12372
     -69912
      18082
     -17748
     -18515
      16093
     -23248
      18022
     -19956
     -25428
      -1398
      18519
      37962
     -18440
     -54495
      23850
      55555
       -600
     -18363
      13039
     -12570
       -220
      22902
     -28730
      11365
     -79749
     -39319
     -14605
       -141
     -22021
     -21626
      26405
      31233
       7393
     -11303
     -26098
      -5173
     -14125
      18324
     -18876
      -8555
      21375
      -5122
     -14478
     -13154
     -18203
     -21313
      36693
      11018
       6634
       3092
     -21059
      14518
      12282
      13451
       7340
     -34802
      42280
     -17394
     -28445
     -29079
      36075
     -40551
      -6302
      19892
      11236
      -3077
     -18430
     -27304
      -8645
       -877
     -33764
      25913
     -11241
      -2287
     -25356
      36711
      37038
      46130
      12487
      -9791
     -53199
      52937
     -11019
      25806
      28791
       4975
     -32376
      33192
     -13210
       1980
      30753
     -28604
      21898
     -22082
      26482
      -3442
      36314
      36548
       2418
       3592
     -27399
      28711
      41476
     -21771
      35129
      -7647
     -21204
     -37850
     -69965
      10066
      -6852
      -9707
     -35053
     -18629
     -21112
       6639
       7319
     -47454
     -13182
      -4561
      27309
     -13957
      21442
      -1190
     -18789
       4584
     -14246
      -5123
     -23213
      14418
     -38813
     -26920
      30694
      34043
     -16302
      13757
      26169
      -4662
        904
      15467
      30447
     -14606
      -8683
     -28958
      29288
     -14339
       6370
     -30745
       9005
      -8582
      -9773
      34085
     -22104
     -22658
     -45606
      -2030
      46822
      18064
       3920
      16460
       1225
      43547
      63414
     -14684
      31219
       7746
     -26608
       6389
      43777
       9172
      59551
     -44391
      31783
       3456
      12501
        -59
      23168
     -12463
      11029
      -3716
     -23173
      22998
      32473
     -13186
       1730
       7677
       2021
      12888
       5560
      12507
      30499
      11429
     -27007
      13082
     -36351
     -29783
      47954
     -35216
      16266
      33781
     -32688
      -5917
      13541
      -8515
      14153
     -11358
      -3562
      -6392
     -25395
       6470
     -30777
      70255
      -7051
       7116
      -2369
     -25790
      13910
      32231
      32052
     -16954
       4694
       9503
       8740
     -15776
      19134
      28890
       3603
     -38344
       2873
      50618
      -9234
     -15581
      12200
       7266
      28509
      15656
      55631
     -25232
      -7527
      -5611
      26266
     -12150
      28878
      36996
     -14395
     -23555
      42423
      38894
      31547
      15039
      35169
     -10504
     -19698
      13967
      32254
      35731
     -10482
       7569
      -8130
      32808
      -1156
      50783
     -12277
      22563
     -21349
     -27185
      -9733
      23407
     -21355
       1012
     -40129
      13847
     -35038
     -13496
     -44725
      19512
     -31698
     -24092
     -18446
      32588
     -25500
      37595
     -41539
     -14667
       9285
     -48043
      12551
     -44364
      11634
      25167
     -11486
      13332
      31631
       6394
     -12144
      70811
     -34511
       -773
      50820
      27018
      -5073
       -742
      43955
      37633
      -1032
       1435
       3452
      14605
      38184
       2490
     -31835
       1760
     -19780
      11408
     -29670
      23027
       1874
      11783
       -336
     -14554
      16988
      21935
     -41032
     -17988
     -12239
      28226
     -27058
      52105
      13449
      47057
       4439
        773
     -34743
     -58909
     -35082
       9829
      -2928
      -3189
       2427
      34273
      19774
     -24120
     -24624
      21203
      16805
      10166
      25335
     -17862
      25181
      29295
     -26915
     -44500
      34301
       9403
     -24483
     -10304
     -19808
      14445
     -11405
      35087
      -3209
     -31965
      19065
     -12576
      -2936
      57544
      44163
       5761
      -3457
      19818
     -26825
      -1699
      -1175
      28203
     -17522
     -11819
     -32668
     -43118
       4660
     -13156
     -27831
     -13824
      36693
       3578
      29872
      20063
      27128
     -13669
     -22963
     -17149
      35093
     -11083
     -23521
      44352
       2079
     -17881
      -2909
      12445
      17122
     -23600
      -6444
      21398
     -10688
       4968
      -4545
      -7382
      40444
     -21478
       5748
      -7812
     -30934
      -1582
     -50274
       5316
     -27531
     -28157
      33711
      24846
     -51838
      35030
     -13539
      -3513
     -81293
      16031
     -15979
      -1973
     -28198
       3280
      27473
      15343
     -10075
      24704
     -37151
     -12678
        612
     -15852
     -40569
     -68761
      15813
      23721
      -8471
       -255
     -12588
      12179
      -8892
     -10931
     -18020
     -52525
     -30388
      16312
      -1213
       9050
     -12138
      14941
      49628
     -59020
      -2069
      19847
      34948
      22641
     -18223
      -9392
     -31862
      -7116
        508
      14875
      32193
       7847
     -26211
      32216
       8828
      29019
     -50759
     -18370
      35081
     -22379
       1628
     -13264
      -7153
      40350
      19903
       2737
       9305
      17731
      33434
       -989
        213
     -33821
      23557
     -11719
     -27752
      -4351
      10674
     -46630
      37864
     -12830
       9895
      22252
      37655
     -36349
     -32376
      19800
     -21974
       5642
      15290
      46792
     -51383
      37924
     -26941
      51087
     -13600
     -55994
     -53179
     -47963
      63093
      -6184
       4037
      17634
     -30095
      31560
       5732
      10745
     -41802
        459
      -3432
      -2616
      -3262
      40989
     -13074
      16881
       8201
     -27601
      18232
       2962
     -21609
     -10966
      18375
       3484
      10161
      -9569
      41760
       5837
     -23556
      31994
     -24982
      -8404
     -30567
       4795
        848
      -2696
     -19388
      16595
      -6246
     -58680
      -1324
      29522
      12015
     -15536
     -25893
      26191
      19466
     -16355
     -24260
      15997
     -30304
      -9663
      18679
      41276
     -19128
     -10943
      57081
       2197
     -31255
      34709
      12496
     -19302
      -7464
      -7081
      -1830
     -17285
     -46883
       4563
     -30233
     -27385
       4783
      -2526
      -6288
      -9855
      -8867
      22474
      33452
      10938
     -18381
     -24359
      -9654
      12078
      -6805
     -30506
       -712
      23363
       6924
      -9769
       9742
      13758
      23308
      10413
     -21289
       2461
        835
     -40425
     -25562
      -6808
     -12003
      10508
      14830
     -43837
     -27760
     -35311
     -34866
     -23108
       1901
     -26203
     -20187
     -15470
     -12317
     -26998
      16101
      13262
     -16287
      40665
       7143
       9493
      30716
      12325
      29475
      25867
      23568
     -21248
       -897
     -31676
      -2488
       5760
     -13418
      18927
     -28175
      26883
     -17876
      46346
      48317
     -35320
     -32601
      -8572
      -4780
     -14344
     -19476
      -2504
      -7989
     -29028
      38241
      19508
      -3507
      13922
     -30661
      49966
      35646
       -314
     -15455
      19739
     -54215
      61261
      22808
       7035
     -15892
       2988
      28000
      -5511
     -44617
     -21564
      17746
       4511
       -306
      32267
        675
      14661
     -56716
     -16058
      -6089
      25514
      19747
      -5468
      17711
      36392
      18410
       -486
      25465
      -5745
     -26752
      -1076
       -188
      22894
      10049
     -18905
      66092
      13610
      13030
      27340
      14507
     -25739
      20534
     -39974
     -27291
     -48036
      41512
      27880
     -21462
      33370
      -1598
        434
      47407
     -16108
      -6509
     -17028
      -2569
      86817
     -25326
      52813
      39092
      35795
      -4683
      40346
      -5472
      59791
      -7350
     -30683
      10132
     -15818
      14150
      -8262
      16171
     -21085
     -18027
       2713
       2104
      65414
     -19005
      -9209
      38195
       1751
      30502
      51045
     -35669
     -24497
     -42608
      20746
       9472
     -27285
      29117
      11940
       -373
      19885
      25016
      -8087
      40441
      45302
      32409
      25598
      48670
     -40367
      22907
       7065
      39473
     -58708
       1235
     -12027
       5750
       4103
     -30612
      25136
       7468
      11100
      19213
     -23158
     -10612
      -1214
      -5660
      -5406
       8742
     -52229
     -20339
      34409
     -12846
      -8785
      -1224
      27320
     -20629
      -9778
     -32194
     -14754
       -418
     -34334
      -1358
      28212
       6404
      -7654
      22688
     -18384
      -4455
     -43429
     -26935
      20504
     -37355
     -26712
     -10862
       4304
       3738
      -8772
     -21550
      14777
      19740
     -28325
      26186
      12297
      20510
      36890
      -2130
       9587
     -32471
      14519
       -776
     -18250
      -8634
     -17432
      56414
     -14488
      -6270
       2794
     -13885
      -2781
       1199
       4528
       6993
      69498
     -12171
     -22503
       3291
     -40230
      21937
      48160
      45365
      32120
      33997
      -8244
     -32348
     -24597
      15382
     -41754
     -48674
      -2258
     -26202
      10306
      44018
      -4023
     -20440
      13343
     -17812
     -18700
      19930
      -4736
       9096
       4559
     -30777
     -37865
     -57020
      33100
       8505
        727
      33186
       7692
      46513
     -52197
      16004
       1115
      13741
     -16877
      -3424
       1476
      35564
     -21481
      11073
     -18203
      13823
      18188
      -2132
      35512
       4441
     -71320
       4871
       2132
      32911
     -12418
      14101
     -36549
      65844
     -35556
     -30953
     -26430
      18373
     -49402
      17635
      -3777
      24333
     -41844
     -21120
      49654
      19545
      51604
       6224
      25249
      27726
      -6471
     -25503
      -9162
      46013
     -19825
      10770
       6380
        877
     -23165
     -51727
      12689
     -12118
      18670
      -1311
      18888
     -11994
     -30879
      -7311
     -11569
        347
     -30477
     -29449
      -3070
     -19902
     -46902
     -73862
     -19954
     -43302
     -14781
     -11979
      23150
     -24449
     -35604
      -2139
       9792
     -37891
      51180
      -9314
       1048
     -13974
      -8459
      68938
       7503
      17410
     -40338
       8732
      17566
      54282
      -5033
     -40884
       5444
     -34628
     -24730
     -12703
      -9091
       9519
     -19270
      46105
     -50058
      -6825
      -7099
     -13446
      12682
      10155
     -18436
       6874
      50683
     -41568
     -15871
      10738
     -43466
       5480
     -22830
      34645
       6181
     -43503
       7807
     -36281
     -55455
      55566
      16096
     -23236
      -4326
     -40528
     -10850
      13722
      35158
       -324
      37899
      62002
      62028
       3727
     -10953
      30859
     -17632
     -23000
     -41261
     -17987
      29140
       2767
      21821
     -41502
        -98
      10385
     -13486
      56803
      -7283
      40279
      34675
       4934
       3517
      14409
       -268
     -20363
      -6220
       2115
      45593
      13534
     -29112
      -7500
      60654
     -23388
       -206
     -33720
     -33805
      -5370
      -3752
      16925
       -260
      25044
      -6277
      35238
       8678
       5038
      26579
     -38973
       2297
     -12187
       -406
     -25164
     -10456
      39660
       7082
      -2742
     -40872
      -6952
      -2809
     -20972
     -13727
      11460
      13770
      53498
     -31009
      50598
      40412
       8636
     -19696
      15787
      -2803
     -19389
       4258
     -66497
     -27979
      -1244
      47131
     -40624
     -29294
       3371
      14214
      15118
      -3224
      16165
      -2522
     -15575
     -19649
      18082
     -41825
      14692
     -21587
     -25848
     -28841
     -17049
     -43600
       -423
     -17933
     -36959
       4643
      27686
     -22287
     -24634
     -52207
      55070
      21953
      12368
       5992
       8518
     -31253
      -7297
      11344
     -39116
     -33113
     -29482
      -6710
     -27356
     -33811
     -23275
     -51431
     -33451
      -7646
     -55904
      -3660
      -3444
     -21577
       7288
      11332
      39615
      15976
      58398
      -9033
     -10520
        267
      11684
     -33780
      21330
      22405
       8255
     -19750
      22819
      21106
      15302
     -28213
      20559
      14886
      -8546
      12996
     -27692
       9741
     -21516
      21605
      57714
     -76075
      10222
     -19164
      40092
       8850
     -10763
       8243
      -8097
      20125
     -51718
      57662
     -28175
        520
       3783
       5866
     -10410
     -42894
      14324
     -14409
      25260
      -3020
      40361
     -32298
      22492
     -21495
      35817
     -13803
       1606
      -1293
     -23088
       -316
      11206
     -25300
      31089
        671
      30902
      11464
      -7715
      -3045
     -32048
        210
     -28785
      17596
      21782
      37240
      31021
      45865
       -130
      -5703
      43285
      32694
      31637
     -10526
      -6007
     -52025
      31214
      22219
      29933
       2310
      -8547
     -12116
